1006187		F4/mmm
1006047		F4/mmm
1006048
1001691
1006177
1001841
1008922
1010217
1010312
1010025
1010449
1011156
1100106
1011012
1010928
1010962
1010931		P n m a (c,a-1/4,b)
1011029
1528279
1534634
1534519
1535155
1535265
1535410
1536268
1537595		P 1 21/c 1 (2*a+c,b,c)
1536822
1537395
1536772
1537689
1537892
1539249
1539656
1540308
1540014
1540177
1539934
1542047
1544612
1544613
1551105
1551106
1551107		shift有り&誤差付きによるエラー
1551108
1551109
1551314
1556109
2000941
2000942
2000943
2000581
2000609
2001236
2001561
2001942
2003123
2003398
2003670
2003832
2004884
2006663
2008866
2009508
2009509
2009972
2100218
2100220
2022089
2100211
2100159
2022105
2101145
2100428
2100429
2101162
2100690
2100794
2101622
2101623
2101850
2103867
2104235
2104269
2103654
2104343
2103856
2104094
2104241		B 1 21 1
2104242
2104243
2104920
2104921
2104922
2104923
2104924
2105172
2104936
2104938
2104937
2104939
2104996
2104997
2104913
2104914
2104915
2104916
2104917
2104918
2104919
2104912
2105936
2105669
2105670
2105671
2105506
2106703
2107405
2108010
2107628
2107629
2200614
2236693
2300057
2300039
2300002
2310056
2310054
2310029
2310030
2300547
2310803
2310741
2310740
2310742
2310743
2310775
2310744
2310777
2310746
2310779
2310748
2311029
2310776
2310778
2310745
2310747
2310762
2310737
2310738
2310739
2310763
2310764
2310735
2310736
2311740
3000225
2312010
2311739
4000564
4000565		空間群無し
4000563
4001801
4003235
4002628
4089337
4127236
4131512
4314933
4344301
4504081
4505350
4505247
5000046
6000286
6000597
6000785
6000663
6000764
6000637
6000676
6000339
6000582
6000583
6000584
6000430
7036304
7036271
7036761
7055025
7055023
7055024
7059153
7059154
7059155
7059156
7152363
7202467
7204034
7222427
7222428
7222424
7222425
7222426
7225528
7235994
7235995
7237089
7238091
7701112
7701682
7702338
7702490
7703174
7703829
8101487
8103945
9000279
9000069
9000018
9000043
9001863
9001864
9004170
9005268
9005117
9005539
9006443
9005708
9005686
9006967
9007431
9007696		F 1 d 1
9009394
9009395
9009396
9009387
9009397
9009398
9009514
9010978
9011487
9011409
9012076
9012328
9013163
9013459
9013703
9014589
9015586
