1006187
1006047
1006048
1006177
1001841
1010449
1011156
1100106
1010931
1528279
1534634
1534519
1535155
1535265
1535410
1536268
1537595
1536822
1537395
1536772
1537689
1537892
1539249
1539656
1540308
1540014
1540177
1539934
1542047
1544612
1544613
1556109
2003123
2100220
2100211
2022089
2100428
2100429
2100218
2100690
2101850
2103856
2104235
2104269
2103654
2104094
2104241
2104242
2104243
2104912
2104913
2104914
2104915
2104916
2104917
2104918
2104919
2104920
2104921
2104922
2104923
2104924
2105172
2104936
2104937
2104938
2104939
2104996
2104997
2105506
2105669
2105671
2105670
2105936
2107405
2108010
2107629
2200614
2300039
2300057
2300002
2310803
2310741
2310742
2310029
2310030
2310776
2310743
2310745
2310777
2310744
2310746
2310778
2310779
2310747
2300547
2310775
2310748
2310054
2310056
2310763
2310764
2310740
2310762
2310735
2310736
2310737
2310738
2310739
2311029
2311292
2311739
2311740
3000225
2312010
4000563
4000564
4000565
4001801
4002628
4003235
4089337
4127236
4131512
4344301
4505247
5000046
7036761
7036271
7036304
7055023
7055024
7055025
7059155
7059156
7059153
7059154
7222424
7222425
7222426
7222427
7222428
7225528
7238091
7238073
7238074
7701112
7702338
7703174
8101487
8103945
9000043
9000069
9004170
9005268
9005117
9005539
9006443
9005708
9005686
9007431
9006967
9007696
9009514
9010978
9011409
9011487
9013703
9014589
9015586
